image: submap_0.pgm
resolution: 0.025000
origin: [-29.420494, -42.008044, 0.000000]
negate: 0
occupied_thresh: 0.65
free_thresh: 0.196

